Data/[IONEX] cddis.nasa.gov/upcg0340.18i
     1.0            IONOSPHERE MAPS     GPS                 IONEX VERSION / TYPE
map2ionex           UPC-IonSAT          14 febrero 2018 16:3PGM / RUN BY / DATE 
Raw map                                                     COMMENT             
Global ionosphere raw maps for day 034, 2018                DESCRIPTION         
Modeled independently for each station with a 3D voxel      DESCRIPTION         
model: 72x9x2 cells in local time, latitude and height      DESCRIPTION         
The height boundaries are: 59-739-1419 km                   DESCRIPTION         
The estimates have NOT been interpolated                    DESCRIPTION         
See for instance: Hernandez-Pajares, Juan, Sanz and Sole,   DESCRIPTION         
JGR, Vol.103, N.A9, 20789-20796, 1998                       DESCRIPTION         
Contact e-mail: manuel@ma4.upc.edu  Plots at:               DESCRIPTION         
ftp://g1.upc.es/upc_ionex/                                  DESCRIPTION         
                                                            DESCRIPTION
P1-P2 DCBs(UPC3-BRDC)  34 2018: Bias= -0.189 RMS= 0.894 [ns]DESCRIPTION
                                                            DESCRIPTION
  2018     2     3     0     0     0                        EPOCH OF FIRST MAP  
  2018     2     3    23    59    24                        EPOCH OF LAST MAP   
  7200                                                      INTERVAL            
    13                                                      # OF MAPS IN FILE   
  NONE                                                      MAPPING FUNCTION    
     0.0                                                    ELEVATION CUTOFF    
Phase differences (L1-L2)                                   OBSERVABLES USED    
   101                                                      # OF STATIONS       
    31                                                      # OF SATELLITES     
  6371.0                                                    BASE RADIUS         
     2                                                      MAP DIMENSION       
   450.0 450.0   0.0                                        HGT1 / HGT2 / DHGT  
    87.5 -87.5  -2.5                                        LAT1 / LAT2 / DLAT  
  -180.0 180.0   5.0                                        LON1 / LON2 / DLON  
    -1                                                      EXPONENT            
TEC values in 0.1 tec units;  9999, if no value available   COMMENT             
DIFFERENTIAL CODE BIASES: DCBs vanish                       COMMENT             
in our approach, so we can compute them                     COMMENT             
as post-fit residuals                                       COMMENT             
IGS GPS stations used in the computations:                  COMMENT             
019b ac60 adis aira alic apnt aspa auck bako bald benn berp COMMENT             
bjco bjfs bjnm brip bums buri capf cas1 ccj2 cedu chan chti COMMENT             
ckis clrk cncl cnmr coco con2 cusv daej darw dear devi dgar COMMENT             
dund faa1 falk fall g101 g107 g117 g124 g201 g202 hnlc hnus COMMENT             
hob2 howe hugo hyde iisc inmn karr khlr kiri kouc lamp laut COMMENT             
lply lthw mac1 mag0 maju mal2 maua maw1 mbar mcar mobs moiu COMMENT             
naur nium ntus p778 park pbri pece pets pimo pirt pngm pohn COMMENT             
rbay rmbo shao stew sthl tomo tong tow2 tuva udec uldi vbca COMMENT             
whtm wind wway xmis zamb                                    COMMENT             
Estimated     Ap        Kp                                  DESCRIPTION
                  (each 3 hours)                            DESCRIPTION
2018 02 03     3  0 0 1 1 0 1 2 1                           DESCRIPTION
                                                            END OF HEADER       
[from data line 429]
     2                                                      START OF TEC MAP    
  2018     2     3     2     0     0                        EPOCH OF CURRENT MAP
    87.5-180.0 180.0   5.0 450.0                            LAT/LON1/LON2/DLON/H
  140  140  140  140  141  142  142  142  142  143  142  143  143  143  144  144
  144  143  143  143  140  138  137  137  137  137  137  137  136  136  136  136
  136  136  136  135  135  135  135  135  135  134  134  134  134  134  134  134
  133  133  133  132  132  132  132  132  132  132  132  132  133  133  135  135
  137  137  137  138  138  139  139  139  140
    85.0-180.0 180.0   5.0 450.0                            LAT/LON1/LON2/DLON/H
  137  138  139  140  140  141  141  143  143  145  145  145  146  146  147  147
  147  147  147  146  146  143  139  138  138  138  138  138  138  138  138  137
  137  137  137  136  136  136  136  135  135  135  134  134  134  134  133  132
  132  132  131  131  130  129  129  129  128  128  128  129  129  132  133  133
  134  134  134  135  135  136  136  137  137
    82.5-180.0 180.0   5.0 450.0                            LAT/LON1/LON2/DLON/H
  134  135  137  137  139  140  141  143  144  144  146  146  148  148  150  150
  151  151  151  151  149  149  140  139  139  139  139  139  138  138  138  137
  137  137  137  136  136  136  135  135  135  134  134  133  133  132  132  132
  131  130  129  129  128  127  126  125  125  124  124  125  127  128  128  129
  128  128  129  131  131  131  132  134  134
    80.0-180.0 180.0   5.0 450.0                            LAT/LON1/LON2/DLON/H
  128  131  132  134  134  137  139  141  143  145  147  150  151  153  155  155
  157  158  158  158  157  154  145  139  139  138  138  138  138  137  137  137
  137  136  136  136  136  135  135  135  134  134  133  133  132  131  130  130
  129  127  127  126  125  124  122  121  120  119  119  119  121  121  121  122
  121  121  121  124  123  124  127  127  128
    77.5-180.0 180.0   5.0 450.0                            LAT/LON1/LON2/DLON/H
  122  123  127  128  131  134  137  141  143  145  148  151  154  158  159  160
  162  163  164  165  167  169  167  151  148  147  145  142  139  137  137  136
  136  136  135  135  135  135  135  134  134  133  133  132  131  130  129  128
  127  126  124  123  121  119  118  116  115  114  113  113  113  113  113  113
  112  113  115  114  114  117  118  118  122
    75.0-180.0 180.0   5.0 450.0                            LAT/LON1/LON2/DLON/H
  113  116  118  123  126  130  135  137  141  145  150  152  154  157  159  160
  162  164  165  167  169  170  170  152  150  149  147  146  145  144  144  138
  135  135  135  134  134  134  134  133  133  132  132  131  130  129  128  126
  125  123  121  119  117  116  114  111  109  107  105  105  105  103  104  103
  102  100  104  103  106  108  108  113  113
    72.5-180.0 180.0   5.0 450.0                            LAT/LON1/LON2/DLON/H
  101  107  110  115  121  123  129  135  139  144  147  151  153  155  158  160
  162  164  166  167  168  169  169  152  151  149  148  147  146  144  144  143
  140  134  134  134  133  133  133  133  132  132  131  130  129  127  126  124
  122  120  118  116  114  110  108  106  103  100   97   96   94   92   93   91
   89   91   92   91   94   96   95  101  101
    70.0-180.0 180.0   5.0 450.0                            LAT/LON1/LON2/DLON/H
   93   95  102  107  111  119  122  131  136  141  143  147  151  154  156  159
  162  164  165  167  168  169  168  152  150  149  148  147  146  145  145  143
  142  140  134  133  132  132  132  132  131  131  130  129  128  126  124  123
  119  117  115  111  109  106  103  100   97   92   89   86   83   81   82   79
   78   79   80   79   83   83   86   89   93
    67.5-180.0 180.0   5.0 450.0                            LAT/LON1/LON2/DLON/H
   82   82   89   96  102  111  119  123  129  136  141  143  148  151  156  159
  161  163  164  166  167  168  167  151  150  149  148  147  146  145  145  143
  142  141  138  133  132  131  131  131  130  130  129  128  127  125  123  120
  117  114  110  107  105  102   99   95   92   86   82   78   73   72   71   70
   68   69   70   71   71   72   75   78   82
    65.0-180.0 180.0   5.0 450.0                            LAT/LON1/LON2/DLON/H
   72   73   80   88   95  102  111  118  121  129  135  141  144  150  154  157
  160  162  163  165  166  167  167  151  150  149  148  147  145  144  144  143
  142  141  140  135  131  130  130  130  129  129  128  127  125  123  121  119
  115  111  107  104  102   99   97   93   89   83   79   75   70   68   66   65
   64   63   64   64   66   67   69   70   72
    62.5-180.0 180.0   5.0 450.0                            LAT/LON1/LON2/DLON/H
   68   71   76   81   87   97  101  109  117  120  128  135  141  148  151  155
  158  160  162  164  165  166  166  151  149  148  147  146  145  144  144  142
  141  140  139  137  131  130  129  129  128  128  127  126  124  122  119  117
  113  109  106  102  100   98   96   92   89   84   81   77   75   70   67   66
   63   62   62   62   63   65   66   67   68
    60.0-180.0 180.0   5.0 450.0                            LAT/LON1/LON2/DLON/H
   67   71   74   77   81   86   89   99  108  114  122  128  138  144  148  153
  155  159  160  163  164  165  165  150  149  148  147  146  145  144  144  142
  141  139  139  138  132  128  128  128  127  127  126  124  123  120  118  115
  111  108  104  102   99   98   96   93   90   88   85   83   82   79   75   73
   70   66   63   61   62   63   65   65   67
    57.5-180.0 180.0   5.0 450.0                            LAT/LON1/LON2/DLON/H
   67   70   73   72   73   75   82   89   99  107  117  123  134  141  145  150
  153  157  159  161  163  164  164  149  148  147  146  145  144  143  143  141
  140  139  138  137  134  128  127  127  126  126  124  123  121  119  116  113
  110  106  103  100   98   97   94   92   90   89   88   88   89   88   85   83
   80   74   69   65   64   65   65   65   67
    55.0-180.0 180.0   5.0 450.0                            LAT/LON1/LON2/DLON/H
   69   69   68   66   65   68   73   85   91  104  110  119  129  137  143  147
  151  154  157  160  161  163  163  148  147  146  145  144  143  142  142  140
  139  138  137  136  134  128  126  125  125  124  123  121  119  117  113  111
  107  103  101   97   95   93   91   90   90   89   89   91   92   93   92   91
   85   83   77   71   70   68   68   67   69
    52.5-180.0 180.0   5.0 450.0                            LAT/LON1/LON2/DLON/H
   72   70   68   65   63   63   67   78   89   98  103  113  125  132  137  143
  147  152  155  158  160  162  162  147  146  146  145  144  143  141  141  139
  138  137  135  134  134  128  124  124  123  122  121  119  117  115  112  108
  104  101   97   94   92   88   87   88   88   87   88   91   93   95   95   95
   92   88   86   82   80   75   72   70   72
    50.0-180.0 180.0   5.0 450.0                            LAT/LON1/LON2/DLON/H
   74   74   72   71   67   65   71   79   88   94   98  111  119  127  134  138
  144  148  153  156  159  160  161  147  146  145  144  143  142  140  140  138
  137  135  134  133  132  128  123  122  122  120  119  117  115  112  109  104
  102   97   92   89   86   84   84   84   85   86   86   90   93   96   98   99
   98   96   95   92   89   83   79   75   74
    47.5-180.0 180.0   5.0 450.0                            LAT/LON1/LON2/DLON/H
   79   79   82   79   76   72   74   81   88   91   96  108  116  121  128  133
  140  145  151  154  157  159  160  146  145  144  143  142  141  139  139  137
  135  133  132  130  130  127  121  120  119  118  116  115  112  109  105  100
   98   93   89   86   81   80   80   81   83   86   87   91   96   99  102  104
  105  105  101   99   96   92   88   82   79
    45.0-180.0 180.0   5.0 450.0                            LAT/LON1/LON2/DLON/H
   84   85   89   91   83   82   83   87   90   91   97  104  109  116  123  128
  134  142  148  153  155  158  158  145  144  143  142  141  140  138  138  135
  133  131  129  128  127  125  120  118  117  115  114  112  108  104  101   96
   93   88   86   82   78   77   79   82   84   87   91   94   99  103  108  114
  113  113  109  103  101   97   92   86   84
    42.5-180.0 180.0   5.0 450.0                            LAT/LON1/LON2/DLON/H
   88   88   93   96   93   91   89   91   93   93   98  103  107  112  119  123
  131  138  145  151  154  157  157  144  143  142  141  140  138  136  136  132
  130  128  126  125  124  123  118  115  114  112  110  108  103  101   97   92
   87   85   83   80   77   77   81   86   89   91   95   98  102  106  114  121
  123  122  119  112  106  101   96   92   88
    40.0-180.0 180.0   5.0 450.0                            LAT/LON1/LON2/DLON/H
   95   92   95   97   96   95   93   94   95   95  101  106  108  112  117  122
  129  136  144  149  153  156  156  145  142  141  140  139  137  134  134  130
  128  125  121  121  120  120  115  112  110  108  107  104  100   96   92   87
   85   83   82   80   79   80   85   91   95   98  100  102  106  110  118  125
  128  129  128  122  117  107  105  101   95
    37.5-180.0 180.0   5.0 450.0                            LAT/LON1/LON2/DLON/H
  105  100   96   97   95   95   94   95   95   96  103  108  110  113  117  124
  129  135  143  148  151  155  155  144  141  140  139  137  135  133  133  127
  124  121  119  116  116  116  112  108  105  104  102   98   94   90   87   84
   82   81   81   80   80   82   86   90   97  101  102  105  110  114  122  130
  134  135  138  131  127  119  114  110  105
    35.0-180.0 180.0   5.0 450.0                            LAT/LON1/LON2/DLON/H
  109  105   99   96   94   94   94   94   94   94  101  107  111  115  119  124
  130  136  143  147  150  154  154  143  140  139  138  136  134  130  130  123
  120  117  115  113  113  112  109  103  100   98   96   92   89   84   82   79
   78   77   78   77   79   83   87   92  100  103  103  108  115  122  128  137
  141  146  147  143  141  132  124  117  109
    32.5-180.0 180.0   5.0 450.0                            LAT/LON1/LON2/DLON/H
  114  106  101   96   93   93   92   93   92   92   99  105  111  114  118  124
  129  136  142  146  150  153  153  142  139  138  137  134  132  128  128  121
  117  115  113  111  109  107  105   97   93   90   86   83   79   79   75   72
   71   70   71   74   78   83   89   96  104  108  109  113  120  129  134  145
  151  158  160  158  160  150  139  126  114
    30.0-180.0 180.0   5.0 450.0                            LAT/LON1/LON2/DLON/H
  122  110  104   98   94   93   91   90   89   90   96  103  108  112  117  123
  129  136  141  145  149  152  152  143  138  137  135  132  129  126  126  119
  116  112  110  107  104  101   98   90   86   81   80   76   73   71   66   63
   64   63   66   69   74   82   89   97  104  112  116  119  128  139  148  158
  166  177  182  186  188  175  161  142  122
    27.5-180.0 180.0   5.0 450.0                            LAT/LON1/LON2/DLON/H
  141  123  113  103   97   94   91   88   86   86   91   99  106  110  115  121
  128  134  140  144  148  151  151  142  137  135  133  131  127  123  123  118
  114  110  106  101   98   96   91   82   77   74   70   66   63   61   56   54
   53   56   58   64   71   80   89   97  103  113  120  127  140  154  164  181
  188  204  214  223  214  206  195  167  141
    25.0-180.0 180.0   5.0 450.0                            LAT/LON1/LON2/DLON/H
  169  148  130  114  104   99   96   92   88   87   90   97  104  109  113  119
  126  133  139  143  147  149  150  141  135  134  132  128  125  120  120  115
  110  105  101   96   92   89   82   72   65   63   59   56   52   50   46   47
   46   48   52   60   70   82   91   97  104  113  125  137  153  170  187  203
  215  237  257  269  258  249  220  201  169
    22.5-180.0 180.0   5.0 450.0                            LAT/LON1/LON2/DLON/H
  199  172  164  133  116  109  105   99   94   92   94   98  103  109  113  118
  125  132  138  143  146  148  149  139  134  132  130  126  122  113  113  109
  104   98   95   89   85   80   72   60   53   48   50   47   44   41   38   38
   41   46   51   63   74   85   94  101  106  116  130  146  167  188  207  225
  246  264  293  310  302  282  252  220  199
    20.0-180.0 180.0   5.0 450.0                            LAT/LON1/LON2/DLON/H
  242  225  191  162  134  120  120  111  101   99  100  101  107  111  114  119
  125  132  137  143  146  148  148  138  133  130  128  123  119  112  112  102
   96   90   87   82   77   72   62   51   44   42   42   41   41   38   36   36
   40   48   55   69   80   89   98  107  113  125  139  155  181  209  223  239
  257  277  293  316  320  296  272  257  242
    17.5-180.0 180.0   5.0 450.0                            LAT/LON1/LON2/DLON/H
  267  263  241  213  172  145  132  121  116  110  105  107  111  114  117  121
  127  134  139  143  145  147  147  137  132  129  125  121  116  108  108   97
   86   82   79   75   69   63   53   46   43   40   39   40   40   39   37   39
   43   52   61   75   86   97  105  115  124  138  154  169  194  222  230  237
  252  266  267  288  297  283  273  268  267
    15.0-180.0 180.0   5.0 450.0                            LAT/LON1/LON2/DLON/H
  276  283  278  252  209  175  156  149  135  123  116  115  116  121  122  127
  130  136  139  143  145  146  146  136  131  127  123  118  113  104  104   89
   77   74   73   71   66   59   51   48   44   41   40   42   43   40   42   45
   48   56   67   82   93  104  114  124  135  150  166  182  202  222  229  230
  233  240  253  263  262  261  261  264  276
    12.5-180.0 180.0   5.0 450.0                            LAT/LON1/LON2/DLON/H
  272  288  289  265  230  199  181  176  159  142  131  127  125  129  128  132
  133  137  140  143  145  146  145  135  129  125  121  115  109   99   99   81
   69   68   71   68   63   58   55   52   49   44   43   45   45   43   46   49
   50   58   70   85   98  107  117  129  142  157  171  184  202  216  223  224
  222  225  235  242  247  250  254  256  272
    10.0-180.0 180.0   5.0 450.0                            LAT/LON1/LON2/DLON/H
  260  275  271  249  224  207  195  199  186  163  147  139  134  136  133  135
  136  139  141  143  144  145  144  134  128  124  118  113  106   96   96   77
   70   69   71   68   65   63   60   56   53   47   44   45   45   46   46   46
   47   55   69   83   95  106  116  127  143  159  170  181  197  207  212  211
  214  217  226  231  237  241  247  252  260
     7.5-180.0 180.0   5.0 450.0                            LAT/LON1/LON2/DLON/H
  244  251  252  236  219  206  198  208  208  177  164  151  142  141  138  138
  139  141  142  143  144  145  143  134  127  123  116  110  102   93   93   79
   75   76   75   72   71   68   63   58   54   49   45   45   44   45   44   43
   45   53   64   77   90  102  112  123  139  156  166  177  190  199  202  200
  204  208  219  226  232  237  243  245  244
     5.0-180.0 180.0   5.0 450.0                            LAT/LON1/LON2/DLON/H
  240  240  239  232  224  212  203  211  218  202  176  161  151  145  143  141
  142  142  143  143  144  144  142  133  126  122  116  108  102   90   90   82
   79   81   81   78   74   68   62   56   52   49   46   45   44   44   43   42
   44   55   65   77   86   97  107  119  133  149  160  172  185  196  203  203
  199  204  217  228  231  236  242  243  240
     2.5-180.0 180.0   5.0 450.0                            LAT/LON1/LON2/DLON/H
  245  238  235  236  234  222  214  216  229  220  193  174  160  152  148  145
  144  144  143  143  143  143  141  132  126  122  117  109  103   96   96   84
   82   84   83   78   74   67   61   56   51   48   46   45   45   45   43   43
   46   59   69   78   84   91  103  115  127  140  152  166  181  197  212  219
  212  214  223  231  233  239  244  248  245
