Data/[IONEX] cddis.nasa.gov/upcg0340.18i
     1.0            IONOSPHERE MAPS     GPS                 IONEX VERSION / TYPE
map2ionex           UPC-IonSAT          14 febrero 2018 16:3PGM / RUN BY / DATE 
Raw map                                                     COMMENT             
Global ionosphere raw maps for day 034, 2018                DESCRIPTION         
Modeled independently for each station with a 3D voxel      DESCRIPTION         
model: 72x9x2 cells in local time, latitude and height      DESCRIPTION         
The height boundaries are: 59-739-1419 km                   DESCRIPTION         
The estimates have NOT been interpolated                    DESCRIPTION         
See for instance: Hernandez-Pajares, Juan, Sanz and Sole,   DESCRIPTION         
JGR, Vol.103, N.A9, 20789-20796, 1998                       DESCRIPTION         
Contact e-mail: manuel@ma4.upc.edu  Plots at:               DESCRIPTION         
ftp://g1.upc.es/upc_ionex/                                  DESCRIPTION         
                                                            DESCRIPTION
P1-P2 DCBs(UPC3-BRDC)  34 2018: Bias= -0.189 RMS= 0.894 [ns]DESCRIPTION
                                                            DESCRIPTION
  2018     2     3     0     0     0                        EPOCH OF FIRST MAP  
  2018     2     3    23    59    24                        EPOCH OF LAST MAP   
  7200                                                      INTERVAL            
    13                                                      # OF MAPS IN FILE   
  NONE                                                      MAPPING FUNCTION    
     0.0                                                    ELEVATION CUTOFF    
Phase differences (L1-L2)                                   OBSERVABLES USED    
   101                                                      # OF STATIONS       
    31                                                      # OF SATELLITES     
  6371.0                                                    BASE RADIUS         
     2                                                      MAP DIMENSION       
   450.0 450.0   0.0                                        HGT1 / HGT2 / DHGT  
    87.5 -87.5  -2.5                                        LAT1 / LAT2 / DLAT  
  -180.0 180.0   5.0                                        LON1 / LON2 / DLON  
    -1                                                      EXPONENT            
TEC values in 0.1 tec units;  9999, if no value available   COMMENT             
DIFFERENTIAL CODE BIASES: DCBs vanish                       COMMENT             
in our approach, so we can compute them                     COMMENT             
as post-fit residuals                                       COMMENT             
IGS GPS stations used in the computations:                  COMMENT             
019b ac60 adis aira alic apnt aspa auck bako bald benn berp COMMENT             
bjco bjfs bjnm brip bums buri capf cas1 ccj2 cedu chan chti COMMENT             
ckis clrk cncl cnmr coco con2 cusv daej darw dear devi dgar COMMENT             
dund faa1 falk fall g101 g107 g117 g124 g201 g202 hnlc hnus COMMENT             
hob2 howe hugo hyde iisc inmn karr khlr kiri kouc lamp laut COMMENT             
lply lthw mac1 mag0 maju mal2 maua maw1 mbar mcar mobs moiu COMMENT             
naur nium ntus p778 park pbri pece pets pimo pirt pngm pohn COMMENT             
rbay rmbo shao stew sthl tomo tong tow2 tuva udec uldi vbca COMMENT             
whtm wind wway xmis zamb                                    COMMENT             
Estimated     Ap        Kp                                  DESCRIPTION
                  (each 3 hours)                            DESCRIPTION
2018 02 03     3  0 0 1 1 0 1 2 1                           DESCRIPTION
                                                            END OF HEADER       
[from data line 5148]
    13                                                      START OF TEC MAP    
  2018     2     4     0     0     0                        EPOCH OF CURRENT MAP
    87.5-180.0 180.0   5.0 450.0                            LAT/LON1/LON2/DLON/H
   72   72   72   72   72   73   73   73   73   73   73   73   73   73   73   73
   73   73   73   73   73   73   73   73   73   73   73   73   73   73   72   72
   72   72   72   72   72   72   72   72   71   71   71   71   71   71   70   70
   70   70   70   69   69   69   69   69   69   69   70   70   70   70   70   70
   70   70   70   70   71   71   71   71   72
    85.0-180.0 180.0   5.0 450.0                            LAT/LON1/LON2/DLON/H
   71   72   73   73   74   74   74   75   75   75   75   75   75   75   75   75
   75   75   75   75   74   74   74   74   74   74   74   73   73   73   73   73
   73   73   73   73   73   72   72   72   72   71   71   70   70   70   70   69
   68   68   68   67   67   67   66   66   66   66   67   67   67   67   67   67
   68   68   69   69   69   70   70   71   71
    82.5-180.0 180.0   5.0 450.0                            LAT/LON1/LON2/DLON/H
   72   73   74   75   76   77   78   78   80   80   80   80   81   81   81   81
   80   80   78   77   76   75   74   74   74   74   74   74   74   74   74   74
   74   73   73   73   73   73   73   72   72   71   71   70   70   69   68   68
   66   66   65   64   64   63   63   62   62   62   63   63   63   63   64   65
   65   66   66   68   68   69   71   71   72
    80.0-180.0 180.0   5.0 450.0                            LAT/LON1/LON2/DLON/H
   73   75   77   77   79   79   80   81   82   82   83   83   84   84   84   84
   84   85   85   84   84   81   76   74   74   77   78   78   79   79   79   77
   75   76   74   74   74   73   73   73   72   72   71   70   69   68   67   66
   64   63   62   61   59   59   58   57   57   57   57   58   58   59   59   61
   61   63   64   66   67   68   70   71   73
    77.5-180.0 180.0   5.0 450.0                            LAT/LON1/LON2/DLON/H
   75   76   78   79   80   81   82   83   84   84   85   85   86   86   87   87
   88   89   89   90   89   88   91   85   80   80   80   80   80   80   80   80
   80   80   79   78   78   75   73   73   72   72   71   70   69   68   66   63
   62   60   58   57   56   54   52   51   51   51   51   51   52   53   53   56
   57   59   62   64   66   67   70   72   75
    75.0-180.0 180.0   5.0 450.0                            LAT/LON1/LON2/DLON/H
   74   76   78   80   81   82   83   84   85   86   86   87   88   88   89   90
   90   91   89   88   89   90   91   92   88   81   80   81   80   80   80   80
   80   80   80   80   80   79   77   75   73   72   71   69   68   66   65   62
   59   56   53   52   47   46   45   43   43   43   43   44   44   45   48   50
   52   56   58   61   64   67   70   73   74
    72.5-180.0 180.0   5.0 450.0                            LAT/LON1/LON2/DLON/H
   75   77   78   80   82   83   84   85   86   87   87   88   89   89   90   91
   91   89   89   89   90   90   91   92   93   82   81   81   81   81   81   81
   81   81   81   80   80   80   80   78   74   72   71   69   67   65   63   59
   55   53   48   44   42   37   37   34   34   34   34   35   36   38   41   43
   47   53   56   59   62   67   70   72   75
    70.0-180.0 180.0   5.0 450.0                            LAT/LON1/LON2/DLON/H
   75   77   79   81   82   84   84   85   86   87   88   89   89   90   91   92
   89   89   89   89   90   90   91   92   92   92   82   81   81   81   81   81
   81   81   81   81   81   80   80   79   78   74   71   70   67   65   60   57
   53   48   43   37   33   29   26   25   24   24   26   27   28   30   33   38
   44   49   53   58   61   66   69   72   75
    67.5-180.0 180.0   5.0 450.0                            LAT/LON1/LON2/DLON/H
   75   77   80   81   83   84   85   86   87   88   88   89   90   91   91   90
   89   89   89   89   90   90   91   92   92   93   85   82   82   82   82   82
   82   82   82   81   81   81   81   80   79   76   71   69   67   64   59   56
   49   44   35   29   24   19   19   17   17   17   19   21   25   27   30   37
   42   48   52   56   61   65   69   72   75
    65.0-180.0 180.0   5.0 450.0                            LAT/LON1/LON2/DLON/H
   75   78   80   82   83   84   85   86   87   88   89   89   90   91   91   89
   89   89   89   89   90   90   91   92   93   93   89   82   82   82   82   82
   82   82   82   82   82   81   81   80   79   78   73   69   67   63   60   54
   49   41   34   22   17   13   13   14   15   16   18   20   25   29   35   38
   42   47   52   56   60   65   69   72   75
    62.5-180.0 180.0   5.0 450.0                            LAT/LON1/LON2/DLON/H
   76   79   80   82   83   84   85   86   87   88   89   89   90   91   89   88
   88   89   89   89   89   90   91   92   92   93   93   83   83   83   82   82
   82   83   82   82   82   82   81   81   80   79   75   69   67   63   58   54
   47   41   33   25   18   16   14   16   19   21   23   24   29   33   38   41
   45   48   54   57   62   65   69   72   76
    60.0-180.0 180.0   5.0 450.0                            LAT/LON1/LON2/DLON/H
   77   79   81   82   83   84   85   86   87   88   89   89   90   90   88   88
   88   88   88   88   89   90   90   91   92   93   93   83   83   83   83   83
   83   83   83   83   83   82   82   81   80   78   75   70   67   62   59   54
   50   42   34   31   25   25   23   25   25   27   31   33   37   39   42   45
   48   53   55   59   62   66   69   73   77
    57.5-180.0 180.0   5.0 450.0                            LAT/LON1/LON2/DLON/H
   79   80   82   82   83   84   85   85   87   88   89   89   89   89   88   88
   88   87   87   87   88   89   90   91   92   93   94   86   83   83   83   83
   83   83   83   83   83   82   82   81   80   79   77   71   67   64   59   55
   50   43   37   33   30   30   31   32   30   30   36   39   44   48   49   51
   51   55   58   60   63   66   71   75   79
    55.0-180.0 180.0   5.0 450.0                            LAT/LON1/LON2/DLON/H
   80   82   83   83   83   84   84   85   86   88   88   88   88   88   87   87
   87   86   86   86   86   87   89   91   92   93   94   87   84   84   84   84
   84   84   83   83   83   83   82   82   80   79   77   74   67   63   60   56
   49   44   38   31   29   29   31   32   30   30   37   44   47   52   55   58
   61   61   63   63   64   69   73   77   80
    52.5-180.0 180.0   5.0 450.0                            LAT/LON1/LON2/DLON/H
   83   84   85   85   84   84   84   84   85   86   87   86   87   87   87   87
   86   85   84   84   84   86   88   90   91   93   94   91   84   84   84   84
   84   84   84   84   84   83   82   82   81   79   77   73   67   64   60   55
   51   45   37   31   26   26   28   29   27   28   37   43   48   53   57   63
   67   67   70   69   70   73   77   80   83
    50.0-180.0 180.0   5.0 450.0                            LAT/LON1/LON2/DLON/H
   87   89   88   87   85   85   85   84   84   85   85   85   85   86   86   86
   85   83   82   81   82   83   86   89   91   93   94   92   84   84   84   84
   84   84   84   84   84   83   83   82   80   79   76   74   68   64   60   56
   50   45   39   32   26   27   28   28   27   29   35   43   48   53   59   64
   71   73   74   75   76   78   81   84   87
    47.5-180.0 180.0   5.0 450.0                            LAT/LON1/LON2/DLON/H
   91   95   94   93   90   88   87   85   84   85   84   84   85   86   87   86
   83   81   79   77   78   80   85   88   91   93   94   92   85   84   85   85
   84   84   84   84   84   83   83   81   80   79   77   74   68   63   61   57
   52   46   42   36   31   30   33   32   34   36   40   47   49   53   59   64
   72   76   77   79   82   83   86   88   91
    45.0-180.0 180.0   5.0 450.0                            LAT/LON1/LON2/DLON/H
   95   99  101  101   97   95   92   88   89   90   88   86   87   87   87   85
   82   78   75   72   72   78   84   87   90   92   94   94   85   85   85   85
   85   85   84   84   84   83   83   82   80   78   76   73   69   65   61   58
   53   49   46   43   41   40   41   40   41   43   48   52   54   56   58   65
   73   78   80   83   86   87   90   93   95
    42.5-180.0 180.0   5.0 450.0                            LAT/LON1/LON2/DLON/H
   99  104  105  105  104  102   99   96   95   96   92   91   92   91   89   86
   81   75   72   68   69   76   83   87   90   92   94   94   87   85   85   85
   85   85   84   84   84   83   82   81   80   78   75   73   70   64   61   59
   56   55   51   51   50   48   46   46   46   48   53   57   59   59   57   65
   72   79   85   88   90   91   93   97   99
    40.0-180.0 180.0   5.0 450.0                            LAT/LON1/LON2/DLON/H
  104  106  107  107  108  109  107  106  104  100   96   95   98   97   94   89
   81   75   72   70   70   77   83   87   91   93   94   95   88   85   85   85
   85   85   84   84   84   83   82   81   79   77   75   73   69   63   61   60
   60   62   58   57   55   52   50   48   48   52   58   59   61   61   59   66
   73   80   87   92   94   94   96   99  104
    37.5-180.0 180.0   5.0 450.0                            LAT/LON1/LON2/DLON/H
  104  108  110  111  112  114  114  116  112  107  102  103  105  106  103   97
   89   82   77   75   75   80   85   88   91   93   94   95   88   85   85   85
   85   85   84   84   84   83   82   80   79   77   74   71   67   62   59   58
   61   65   61   58   55   53   51   49   50   56   62   64   67   64   64   69
   76   82   90   94   98   97   99   99  104
    35.0-180.0 180.0   5.0 450.0                            LAT/LON1/LON2/DLON/H
  103  108  111  114  117  119  121  121  119  111  109  108  111  111  109  105
   98   92   85   82   81   84   87   89   92   93   94   95   89   85   85   85
   84   84   84   83   83   82   81   80   78   75   72   69   65   61   57   54
   57   58   54   54   53   50   48   48   51   58   65   70   72   70   68   73
   81   88   96   98  103  102  102  100  103
    32.5-180.0 180.0   5.0 450.0                            LAT/LON1/LON2/DLON/H
  104  109  114  117  123  126  129  126  122  116  112  110  111  111  108  106
  103   97   90   87   86   88   89   91   93   94   94   95   89   85   85   84
   84   83   83   83   83   81   80   78   76   73   72   68   65   59   55   52
   51   48   49   51   50   47   46   48   51   59   67   73   75   75   74   78
   86   97  107  108  113  109  107  105  104
    30.0-180.0 180.0   5.0 450.0                            LAT/LON1/LON2/DLON/H
  111  112  116  122  126  133  139  133  125  119  114  110  109  108  107  105
  103   99   94   91   90   90   91   92   93   94   94   94   90   85   84   84
   83   83   82   81   81   80   78   76   75   72   69   65   62   57   53   50
   46   45   45   46   45   44   45   46   51   60   67   73   78   81   81   84
   92  106  121  124  133  123  119  117  111
    27.5-180.0 180.0   5.0 450.0                            LAT/LON1/LON2/DLON/H
  124  119  121  129  134  140  145  139  126  120  116  111  109  109  107  105
  103  100   96   94   93   93   93   93   94   94   94   94   91   84   83   83
   82   81   81   80   80   78   76   74   72   69   66   62   58   54   51   48
   44   41   40   39   41   41   43   45   51   61   69   76   82   86   86   89
   98  113  133  150  157  147  142  137  124
    25.0-180.0 180.0   5.0 450.0                            LAT/LON1/LON2/DLON/H
  146  134  138  140  141  145  148  143  132  124  119  114  112  110  108  105
  102  100   98   96   95   94   94   94   94   94   93   93   90   83   82   81
   80   79   79   77   77   76   74   72   69   65   63   58   55   52   48   46
   42   38   36   36   38   39   40   43   51   61   69   77   83   87   89   95
  105  120  139  159  170  178  192  171  146
    22.5-180.0 180.0   5.0 450.0                            LAT/LON1/LON2/DLON/H
  193  174  175  163  154  152  150  146  136  128  122  117  114  111  108  105
  103  101   99   97   96   95   95   94   94   93   92   91   88   82   80   79
   77   76   76   75   75   72   71   68   65   61   58   54   52   50   47   44
   40   37   34   35   36   38   39   42   51   60   68   76   82   88   94  105
  114  127  142  157  173  212  240  235  193
    20.0-180.0 180.0   5.0 450.0                            LAT/LON1/LON2/DLON/H
  259  227  237  204  179  167  159  149  140  132  124  118  115  111  108  105
  103  101   99   98   97   96   95   95   94   92   91   89   86   80   78   76
   74   74   72   70   70   69   67   64   63   58   53   50   49   48   46   44
   40   39   34   35   38   38   39   42   50   62   72   80   86   94  102  116
  126  137  147  154  168  235  296  286  259
    17.5-180.0 180.0   5.0 450.0                            LAT/LON1/LON2/DLON/H
  338  316  279  243  205  180  171  155  141  132  126  118  114  111  108  105
  103  101  100   99   98   97   96   94   93   91   89   87   84   78   75   73
   70   70   68   68   68   67   64   62   57   53   48   47   48   47   46   45
   44   43   39   39   42   40   42   45   53   68   78   87   94  104  114  126
  137  147  155  160  177  261  325  343  338
    15.0-180.0 180.0   5.0 450.0                            LAT/LON1/LON2/DLON/H
  348  342  324  287  238  201  176  158  146  135  126  119  114  111  108  105
  103  102  100   99   98   97   96   94   92   90   87   85   82   75   71   68
   66   65   63   64   64   63   61   58   53   49   45   47   50   48   47   47
   48   47   45   45   47   45   46   52   60   72   80   90  102  113  124  134
  145  156  167  171  194  266  311  334  348
    12.5-180.0 180.0   5.0 450.0                            LAT/LON1/LON2/DLON/H
  315  328  329  304  259  217  188  166  151  138  128  120  115  111  108  105
  104  102  101  100   99   98   96   94   92   89   84   84   79   71   67   64
   63   61   60   61   61   61   58   54   48   46   47   52   52   49   48   48
   48   48   48   49   49   47   46   51   60   69   78   92  109  120  132  145
  153  163  175  182  206  252  273  292  315
    10.0-180.0 180.0   5.0 450.0                            LAT/LON1/LON2/DLON/H
  273  293  303  296  266  227  197  174  156  142  130  121  116  112  108  106
  104  103  102  101  100   99   97   95   92   88   84   83   80   71   66   64
   64   63   61   60   60   58   55   51   45   45   53   57   54   50   49   47
   44   46   47   45   43   41   38   44   57   66   75   90  108  120  134  149
  161  173  181  187  207  233  246  249  273
     7.5-180.0 180.0   5.0 450.0                            LAT/LON1/LON2/DLON/H
  242  261  263  266  251  228  201  176  160  145  133  123  117  112  109  107
  105  104  103  102  101  100   98   96   93   89   85   84   84   81   76   73
   70   68   63   59   59   57   54   49   45   48   57   59   52   49   48   45
   41   42   40   36   34   33   32   40   56   68   77   87   99  114  132  149
  164  178  189  193  201  207  215  224  242
     5.0-180.0 180.0   5.0 450.0                            LAT/LON1/LON2/DLON/H
  214  228  238  240  233  216  195  179  162  147  135  125  118  114  110  108
  106  106  105  104  103  102  100   98   95   91   87   86   91   95   90   83
   76   74   62   57   57   57   55   51   50   54   59   55   48   44   43   42
   38   36   34   32   32   32   33   39   53   70   80   86   93  108  127  142
  159  174  194  198  199  202  203  208  214
     2.5-180.0 180.0   5.0 450.0                            LAT/LON1/LON2/DLON/H
  212  215  218  219  213  208  194  178  164  149  136  127  120  116  113  110
  109  109  107  106  105  104  103  100   98   95   92   92  102  107  103   94
   88   81   68   57   57   58   58   57   58   60   57   48   42   38   38   37
   36   34   32   33   35   35   38   43   54   72   81   86   91  103  116  132
  150  166  187  196  205  213  208  208  212
