Data/[IONEX] cddis.nasa.gov/upcg0340.18i
     1.0            IONOSPHERE MAPS     GPS                 IONEX VERSION / TYPE
map2ionex           UPC-IonSAT          14 febrero 2018 16:3PGM / RUN BY / DATE 
Raw map                                                     COMMENT             
Global ionosphere raw maps for day 034, 2018                DESCRIPTION         
Modeled independently for each station with a 3D voxel      DESCRIPTION         
model: 72x9x2 cells in local time, latitude and height      DESCRIPTION         
The height boundaries are: 59-739-1419 km                   DESCRIPTION         
The estimates have NOT been interpolated                    DESCRIPTION         
See for instance: Hernandez-Pajares, Juan, Sanz and Sole,   DESCRIPTION         
JGR, Vol.103, N.A9, 20789-20796, 1998                       DESCRIPTION         
Contact e-mail: manuel@ma4.upc.edu  Plots at:               DESCRIPTION         
ftp://g1.upc.es/upc_ionex/                                  DESCRIPTION         
                                                            DESCRIPTION
P1-P2 DCBs(UPC3-BRDC)  34 2018: Bias= -0.189 RMS= 0.894 [ns]DESCRIPTION
                                                            DESCRIPTION
  2018     2     3     0     0     0                        EPOCH OF FIRST MAP  
  2018     2     3    23    59    24                        EPOCH OF LAST MAP   
  7200                                                      INTERVAL            
    13                                                      # OF MAPS IN FILE   
  NONE                                                      MAPPING FUNCTION    
     0.0                                                    ELEVATION CUTOFF    
Phase differences (L1-L2)                                   OBSERVABLES USED    
   101                                                      # OF STATIONS       
    31                                                      # OF SATELLITES     
  6371.0                                                    BASE RADIUS         
     2                                                      MAP DIMENSION       
   450.0 450.0   0.0                                        HGT1 / HGT2 / DHGT  
    87.5 -87.5  -2.5                                        LAT1 / LAT2 / DLAT  
  -180.0 180.0   5.0                                        LON1 / LON2 / DLON  
    -1                                                      EXPONENT            
TEC values in 0.1 tec units;  9999, if no value available   COMMENT             
DIFFERENTIAL CODE BIASES: DCBs vanish                       COMMENT             
in our approach, so we can compute them                     COMMENT             
as post-fit residuals                                       COMMENT             
IGS GPS stations used in the computations:                  COMMENT             
019b ac60 adis aira alic apnt aspa auck bako bald benn berp COMMENT             
bjco bjfs bjnm brip bums buri capf cas1 ccj2 cedu chan chti COMMENT             
ckis clrk cncl cnmr coco con2 cusv daej darw dear devi dgar COMMENT             
dund faa1 falk fall g101 g107 g117 g124 g201 g202 hnlc hnus COMMENT             
hob2 howe hugo hyde iisc inmn karr khlr kiri kouc lamp laut COMMENT             
lply lthw mac1 mag0 maju mal2 maua maw1 mbar mcar mobs moiu COMMENT             
naur nium ntus p778 park pbri pece pets pimo pirt pngm pohn COMMENT             
rbay rmbo shao stew sthl tomo tong tow2 tuva udec uldi vbca COMMENT             
whtm wind wway xmis zamb                                    COMMENT             
Estimated     Ap        Kp                                  DESCRIPTION
                  (each 3 hours)                            DESCRIPTION
2018 02 03     3  0 0 1 1 0 1 2 1                           DESCRIPTION
                                                            END OF HEADER       
[from data line 2574]
     7                                                      START OF TEC MAP    
  2018     2     3    12     0     0                        EPOCH OF CURRENT MAP
    87.5-180.0 180.0   5.0 450.0                            LAT/LON1/LON2/DLON/H
   89   90   90   90   90   91   91   91   91   91   92   92   93   93   93   94
   94   94   95   95   95   96   97   97   97   97   98   98   98   98   98   98
   98   98   99   98   99   99   99   99   98   98   98   98   97   97   96   96
   96   95   94   94   94   94   93   93   93   92   92   91   91   91   90   90
   90   90   90   90   90   89   89   89   89
    85.0-180.0 180.0   5.0 450.0                            LAT/LON1/LON2/DLON/H
   84   85   86   85   86   86   85   86   86   87   87   88   89   89   90   92
   93   94   94   95   96   96   98   99  100  100  101  101  102  102  102  102
  102  102  102  102  102  102  102  101  101  100  100  100   99   98   98   97
   96   95   95   94   92   92   91   90   89   88   88   87   86   86   85   85
   85   84   84   83   83   84   84   84   84
    82.5-180.0 180.0   5.0 450.0                            LAT/LON1/LON2/DLON/H
   77   75   77   76   77   77   78   78   80   80   81   81   82   82   83   83
   85   85   88   89   95   96   99  101  102  103  104  105  105  105  105  106
  106  105  105  105  105  105  104  104  103  102  102  101  100  100   99   97
   96   95   94   92   91   90   88   86   85   84   83   82   80   79   80   79
   77   77   77   77   78   77   76   77   77
    80.0-180.0 180.0   5.0 450.0                            LAT/LON1/LON2/DLON/H
   67   69   70   72   72   73   74   75   76   76   77   78   79   79   79   80
   80   80   80   80   82   85   95  105  107  108  107  106  107  107  107  108
  108  108  108  107  107  106  106  105  105  104  103  102  101  100   99   97
   96   94   93   91   88   86   84   82   81   79   77   75   74   72   70   70
   69   68   69   68   69   69   70   67   67
    77.5-180.0 180.0   5.0 450.0                            LAT/LON1/LON2/DLON/H
   60   62   64   65   67   69   70   72   73   74   75   74   75   76   77   77
   76   76   75   78   86   85   81  100  103  104  104  104  104  104  104  104
  104  104  105  107  108  108  107  107  106  105  104  103  102  100   99   97
   95   93   91   88   85   83   79   77   74   72   70   67   65   64   61   60
   58   60   59   59   57   58   58   60   60
    75.0-180.0 180.0   5.0 450.0                            LAT/LON1/LON2/DLON/H
   50   56   57   61   61   64   66   67   69   70   72   73   75   75   75   75
   74   78   86   86   85   83   81   80  103  103  104  104  104  104  104  104
  104  104  104  104  105  107  108  107  107  106  105  103  102  101   99   97
   94   91   88   86   83   80   75   70   67   64   61   57   52   50   50   49
   47   49   47   47   44   47   47   50   50
    72.5-180.0 180.0   5.0 450.0                            LAT/LON1/LON2/DLON/H
   41   48   52   54   57   58   61   63   65   69   71   73   73   74   74   74
   82   86   86   85   84   83   82   80   82  103  103  103  104  104  104  104
  104  104  104  104  104  104  106  108  108  106  106  104  102  101   98   96
   93   89   86   83   77   74   71   65   59   55   51   43   40   38   38   36
   34   36   36   33   34   35   36   41   41
    70.0-180.0 180.0   5.0 450.0                            LAT/LON1/LON2/DLON/H
   33   40   45   47   50   54   55   59   64   67   69   71   72   73   74   85
   86   86   86   85   84   83   82   81   80  102  103  103  104  104  104  104
  104  104  104  104  104  104  104  105  108  107  106  104  102  101   98   95
   91   88   83   79   76   70   66   61   52   47   42   32   29   27   27   26
   24   24   23   21   23   24   27   33   33
    67.5-180.0 180.0   5.0 450.0                            LAT/LON1/LON2/DLON/H
   27   33   37   40   41   44   49   56   60   65   68   70   71   73   80   86
   86   86   85   85   84   83   82   81   80   90  103  103  103  104  104  104
  104  104  104  104  104  104  104  104  107  107  106  105  103  100   98   94
   91   85   81   77   73   69   62   57   51   43   37   26   22   20   20   19
   18   16   15   12   14   17   20   27   27
    65.0-180.0 180.0   5.0 450.0                            LAT/LON1/LON2/DLON/H
   19   27   29   32   33   34   45   52   58   63   67   69   71   74   85   86
   86   86   85   85   84   83   82   81   81   82  103  103  103  104  104  104
  104  104  104  104  104  104  104  104  105  107  107  105  103  100   97   94
   89   85   80   76   71   68   63   57   50   43   37   27   23   19   18   17
   15   13   10    9   11   12   17   19   19
    62.5-180.0 180.0   5.0 450.0                            LAT/LON1/LON2/DLON/H
   17   20   23   26   25   30   41   49   57   62   65   68   71   80   85   86
   86   86   85   84   84   83   82   81   81   82  102  103  103  104  104  104
  104  104  104  104  104  104  104  104  103  106  107  105  103  101   98   93
   90   85   81   75   72   67   63   57   53   46   42   34   30   25   22   20
   18   14   11    9   10   11   13   17   17
    60.0-180.0 180.0   5.0 450.0                            LAT/LON1/LON2/DLON/H
   14   19   22   23   24   32   39   47   55   61   63   68   72   82   85   85
   86   85   85   85   84   83   83   82   81   81   99  103  103  104  104  104
  104  104  104  104  104  104  104  104  103  104  107  105  104  101   97   94
   89   85   80   74   71   66   62   57   54   49   46   41   39   36   32   29
   27   21   16   13   12   12   12   14   14
    57.5-180.0 180.0   5.0 450.0                            LAT/LON1/LON2/DLON/H
   16   22   24   24   26   31   38   47   54   59   62   67   76   83   84   85
   85   85   85   85   84   83   83   82   81   81   96  103  103  104  104  104
  104  104  104  104  104  104  104  104  104  104  106  106  104  101   98   93
   89   84   78   75   70   66   61   57   55   51   48   45   45   44   41   39
   32   30   26   22   20   17   16   16   16
    55.0-180.0 180.0   5.0 450.0                            LAT/LON1/LON2/DLON/H
   24   26   28   27   28   32   40   47   54   58   62   67   77   83   84   85
   85   85   85   85   84   84   83   82   82   81   91  103  103  104  104  104
  104  104  104  105  105  105  105  104  104  103  106  106  105  102   98   94
   89   83   79   73   68   63   58   56   54   51   49   47   47   47   45   44
   41   37   36   33   31   27   26   24   24
    52.5-180.0 180.0   5.0 450.0                            LAT/LON1/LON2/DLON/H
   29   30   32   33   35   36   41   48   53   56   62   69   79   82   84   85
   85   85   85   85   84   84   83   83   82   82   88  103  103  104  104  104
  104  104  105  105  105  105  105  105  104  104  105  107  105  102   99   94
   89   83   78   71   65   60   56   55   53   51   50   48   48   48   48   47
   45   43   42   41   40   38   35   29   29
    50.0-180.0 180.0   5.0 450.0                            LAT/LON1/LON2/DLON/H
   41   38   37   41   41   41   45   50   54   55   62   68   79   83   84   85
   85   85   85   85   84   84   83   83   82   82   88  102  103  104  104  104
  104  105  105  105  106  106  106  106  105  105  105  108  106  103   99   94
   88   85   78   70   64   58   55   54   53   53   53   52   51   51   51   49
   46   43   43   43   45   46   44   41   41
    47.5-180.0 180.0   5.0 450.0                            LAT/LON1/LON2/DLON/H
   46   45   44   45   45   47   48   51   55   57   62   73   80   82   83   85
   85   85   85   85   85   84   84   83   82   82   84  102  103  104  104  105
  105  105  106  106  106  107  107  107  107  106  106  109  107  104  100   95
   90   85   78   72   65   58   55   54   54   55   56   57   56   55   54   52
   49   45   44   44   48   49   48   46   46
    45.0-180.0 180.0   5.0 450.0                            LAT/LON1/LON2/DLON/H
   47   47   47   48   48   50   52   55   56   60   64   73   80   82   83   84
   85   85   85   85   85   84   84   83   83   83   85  102  104  104  105  105
  105  106  106  107  107  108  108  109  108  108  108  110  110  106  102   98
   92   87   81   76   68   62   57   56   57   58   59   61   59   58   56   55
   52   50   49   47   49   48   47   47   47
    42.5-180.0 180.0   5.0 450.0                            LAT/LON1/LON2/DLON/H
   46   45   45   48   50   52   54   57   59   62   65   75   80   82   83   84
   85   85   85   85   85   84   84   83   83   83   85  103  104  105  105  106
  106  107  108  108  109  110  110  111  111  111  110  111  112  109  104  100
   95   90   84   80   73   67   63   60   62   64   63   63   60   58   56   55
   55   53   53   51   49   47   46   46   46
    40.0-180.0 180.0   5.0 450.0                            LAT/LON1/LON2/DLON/H
   45   43   43   47   50   52   55   58   60   64   67   76   80   82   83   84
   85   85   85   85   85   85   84   84   83   83   86   99  105  105  106  107
  107  108  109  110  111  112  114  114  114  114  114  115  116  114  109  104
   99   96   91   86   80   74   70   68   69   69   68   65   61   59   57   56
   56   55   55   52   50   49   46   45   45
    37.5-180.0 180.0   5.0 450.0                            LAT/LON1/LON2/DLON/H
   42   42   42   45   47   50   53   57   59   63   67   76   79   81   83   84
   85   85   86   86   85   85   85   84   84   85   87  100  106  106  107  108
  109  110  112  113  114  116  118  118  119  119  118  119  121  119  114  109
  105  101   96   91   86   81   79   75   71   69   69   67   63   61   59   58
   56   55   54   51   49   48   46   42   42
    35.0-180.0 180.0   5.0 450.0                            LAT/LON1/LON2/DLON/H
   42   40   41   43   45   48   51   54   57   62   68   76   79   81   83   84
   85   86   87   87   86   86   86   86   87   88   89  101  107  107  108  109
  110  112  113  116  119  121  121  123  125  126  124  125  126  125  119  116
  110  106  100   96   92   87   85   80   73   68   68   68   65   61   59   57
   55   54   53   50   48   46   44   42   42
    32.5-180.0 180.0   5.0 450.0                            LAT/LON1/LON2/DLON/H
   42   39   39   41   44   45   48   51   56   60   68   75   78   80   82   83
   85   86   88   88   88   88   88   88   89   89   90  102  108  108  110  112
  113  115  117  120  123  127  128  131  133  133  132  132  133  131  127  122
  116  110  105  100   96   92   88   83   76   71   69   68   65   60   57   56
   55   53   52   52   49   46   44   42   42
    30.0-180.0 180.0   5.0 450.0                            LAT/LON1/LON2/DLON/H
   42   39   39   41   43   45   47   49   55   60   67   73   77   79   81   83
   84   86   87   88   88   88   89   90   90   90   91  103  109  110  112  114
  116  119  121  126  130  135  136  140  141  143  140  141  144  138  135  128
  121  115  108  103  101   97   91   84   77   73   69   67   64   60   58   56
   55   53   51   52   49   45   45   42   42
    27.5-180.0 180.0   5.0 450.0                            LAT/LON1/LON2/DLON/H
   44   44   44   43   44   44   45   48   53   58   65   71   75   77   80   82
   83   85   86   88   88   88   89   90   91   91   92  102  110  112  114  116
  119  124  128  133  139  145  146  150  151  152  152  152  152  148  141  133
  125  119  112  107  106  102   95   87   77   74   70   66   64   61   58   57
   55   52   50   51   49   46   45   44   44
    25.0-180.0 180.0   5.0 450.0                            LAT/LON1/LON2/DLON/H
   46   49   51   49   48   47   48   49   53   57   64   70   73   76   79   81
   83   84   85   86   87   88   89   90   91   92   93  103  112  114  117  119
  124  128  134  144  147  154  160  163  164  162  164  163  162  156  148  139
  131  128  119  118  115  109  105   95   80   77   73   67   64   61   60   58
   53   50   49   50   48   46   45   46   46
    22.5-180.0 180.0   5.0 450.0                            LAT/LON1/LON2/DLON/H
   45   54   54   54   53   51   52   51   55   57   64   68   72   74   77   79
   81   83   84   85   86   87   88   90   92   93   95  103  114  116  120  123
  129  135  141  152  162  169  175  176  176  175  174  171  169  164  157  147
  143  140  135  135  132  124  119  107   89   83   78   72   67   64   62   60
   54   51   50   50   47   45   44   45   45
    20.0-180.0 180.0   5.0 450.0                            LAT/LON1/LON2/DLON/H
   44   53   55   56   58   58   56   57   57   58   64   67   71   73   76   78
   80   82   83   84   85   86   88   90   92   95   96  104  114  120  124  128
  135  142  149  162  174  183  187  186  185  184  181  177  177  177  173  160
  161  160  158  159  154  142  135  120  107   95   88   81   75   69   66   64
   59   56   53   49   46   44   43   44   44
    17.5-180.0 180.0   5.0 450.0                            LAT/LON1/LON2/DLON/H
   45   50   53   54   57   60   61   61   60   59   64   67   70   73   75   77
   79   81   83   84   85   86   88   90   93   95   97  104  117  122  130  134
  142  150  157  169  181  190  192  191  190  190  186  188  184  188  190  185
  181  184  184  185  176  162  151  137  125  114  102   92   85   79   74   72
   67   64   58   53   49   45   44   45   45
    15.0-180.0 180.0   5.0 450.0                            LAT/LON1/LON2/DLON/H
   47   48   49   51   53   56   58   59   60   59   63   66   70   74   74   76
   78   80   82   83   85   86   88   90   93   95   98  106  120  126  132  141
  150  156  164  174  184  191  196  198  194  196  198  199  197  201  202  199
  199  206  207  205  194  186  171  157  141  127  114  104   95   90   85   84
   77   72   67   62   55   49   46   47   47
    12.5-180.0 180.0   5.0 450.0                            LAT/LON1/LON2/DLON/H
   49   47   47   49   50   51   53   53   56   56   60   64   69   74   75   76
   78   79   82   83   85   86   88   90   93   96  100  108  123  130  138  147
  154  161  168  175  184  192  200  205  205  210  216  214  211  211  208  207
  212  223  223  217  207  197  183  169  150  134  119  111  103   98   94   92
   87   80   74   72   63   56   52   49   49
    10.0-180.0 180.0   5.0 450.0                            LAT/LON1/LON2/DLON/H
   54   48   46   48   49   49   50   50   52   53   54   60   67   72   75   76
   77   79   81   83   85   86   88   91   94   97  101  110  126  134  144  154
  162  168  174  182  191  200  211  219  220  224  228  226  223  217  212  214
  221  227  225  218  209  198  184  169  155  135  118  110  104  100   96   92
   89   82   77   78   69   62   57   54   54
     7.5-180.0 180.0   5.0 450.0                            LAT/LON1/LON2/DLON/H
   59   52   46   47   49   49   50   49   49   50   53   57   64   70   73   75
   77   79   81   83   85   87   89   91   94   98  103  113  129  138  149  160
  169  176  185  195  203  216  228  234  233  232  236  234  229  222  217  217
  220  223  215  211  202  193  182  170  154  136  119  108  103   99   95   91
   87   82   79   79   72   67   63   59   59
     5.0-180.0 180.0   5.0 450.0                            LAT/LON1/LON2/DLON/H
   63   56   47   46   48   50   50   49   48   49   52   56   62   68   71   74
   76   79   81   83   85   87   89   92   95  100  105  115  133  143  154  165
  177  187  199  209  221  231  245  248  245  241  246  242  236  229  224  217
  216  217  207  203  199  192  185  175  162  143  124  111  103   97   95   89
   85   80   79   77   72   69   67   63   63
     2.5-180.0 180.0   5.0 450.0                            LAT/LON1/LON2/DLON/H
   63   57   49   46   46   48   48   48   46   49   52   57   62   67   70   73
   76   79   81   84   86   88   90   93   97  102  107  116  137  148  159  171
  184  197  208  218  228  240  255  261  259  259  259  251  245  239  232  221
  218  213  206  204  201  195  191  184  175  156  135  117  102   96   94   86
   80   76   75   74   72   70   68   63   63
