Data/[IONEX] cddis.nasa.gov/upcg0340.18i
     1.0            IONOSPHERE MAPS     GPS                 IONEX VERSION / TYPE
map2ionex           UPC-IonSAT          14 febrero 2018 16:3PGM / RUN BY / DATE 
Raw map                                                     COMMENT             
Global ionosphere raw maps for day 034, 2018                DESCRIPTION         
Modeled independently for each station with a 3D voxel      DESCRIPTION         
model: 72x9x2 cells in local time, latitude and height      DESCRIPTION         
The height boundaries are: 59-739-1419 km                   DESCRIPTION         
The estimates have NOT been interpolated                    DESCRIPTION         
See for instance: Hernandez-Pajares, Juan, Sanz and Sole,   DESCRIPTION         
JGR, Vol.103, N.A9, 20789-20796, 1998                       DESCRIPTION         
Contact e-mail: manuel@ma4.upc.edu  Plots at:               DESCRIPTION         
ftp://g1.upc.es/upc_ionex/                                  DESCRIPTION         
                                                            DESCRIPTION
P1-P2 DCBs(UPC3-BRDC)  34 2018: Bias= -0.189 RMS= 0.894 [ns]DESCRIPTION
                                                            DESCRIPTION
  2018     2     3     0     0     0                        EPOCH OF FIRST MAP  
  2018     2     3    23    59    24                        EPOCH OF LAST MAP   
  7200                                                      INTERVAL            
    13                                                      # OF MAPS IN FILE   
  NONE                                                      MAPPING FUNCTION    
     0.0                                                    ELEVATION CUTOFF    
Phase differences (L1-L2)                                   OBSERVABLES USED    
   101                                                      # OF STATIONS       
    31                                                      # OF SATELLITES     
  6371.0                                                    BASE RADIUS         
     2                                                      MAP DIMENSION       
   450.0 450.0   0.0                                        HGT1 / HGT2 / DHGT  
    87.5 -87.5  -2.5                                        LAT1 / LAT2 / DLAT  
  -180.0 180.0   5.0                                        LON1 / LON2 / DLON  
    -1                                                      EXPONENT            
TEC values in 0.1 tec units;  9999, if no value available   COMMENT             
DIFFERENTIAL CODE BIASES: DCBs vanish                       COMMENT             
in our approach, so we can compute them                     COMMENT             
as post-fit residuals                                       COMMENT             
IGS GPS stations used in the computations:                  COMMENT             
019b ac60 adis aira alic apnt aspa auck bako bald benn berp COMMENT             
bjco bjfs bjnm brip bums buri capf cas1 ccj2 cedu chan chti COMMENT             
ckis clrk cncl cnmr coco con2 cusv daej darw dear devi dgar COMMENT             
dund faa1 falk fall g101 g107 g117 g124 g201 g202 hnlc hnus COMMENT             
hob2 howe hugo hyde iisc inmn karr khlr kiri kouc lamp laut COMMENT             
lply lthw mac1 mag0 maju mal2 maua maw1 mbar mcar mobs moiu COMMENT             
naur nium ntus p778 park pbri pece pets pimo pirt pngm pohn COMMENT             
rbay rmbo shao stew sthl tomo tong tow2 tuva udec uldi vbca COMMENT             
whtm wind wway xmis zamb                                    COMMENT             
Estimated     Ap        Kp                                  DESCRIPTION
                  (each 3 hours)                            DESCRIPTION
2018 02 03     3  0 0 1 1 0 1 2 1                           DESCRIPTION
                                                            END OF HEADER       
[from data line 4290]
    11                                                      START OF TEC MAP    
  2018     2     3    20     0     0                        EPOCH OF CURRENT MAP
    87.5-180.0 180.0   5.0 450.0                            LAT/LON1/LON2/DLON/H
   60   60   60   60   60   61   61   61   61   61   61   62   62   62   62   62
   62   63   63   63   63   63   65   66   68   68   69   70   70   70   70   70
   70   70   71   70   70   70   70   70   70   70   70   70   70   69   69   69
   69   68   68   68   67   67   66   65   63   63   63   61   61   60   60   60
   60   60   60   60   59   59   60   60   60
    85.0-180.0 180.0   5.0 450.0                            LAT/LON1/LON2/DLON/H
   57   57   58   57   58   58   59   60   60   61   61   61   62   62   62   63
   63   63   63   63   64   64   66   69   71   71   72   72   72   73   73   73
   73   73   73   73   73   73   73   73   73   72   72   72   71   71   70   70
   70   69   68   67   67   66   65   65   63   61   61   58   57   57   57   57
   56   56   56   56   56   56   57   56   57
    82.5-180.0 180.0   5.0 450.0                            LAT/LON1/LON2/DLON/H
   53   53   55   55   56   57   58   59   59   60   61   61   62   62   63   64
   64   64   64   64   64   64   66   71   73   73   74   75   75   75   76   76
   76   76   76   76   75   75   75   74   74   74   74   73   72   71   71   70
   70   68   68   67   66   65   64   63   61   58   57   55   54   53   52   53
   52   51   51   51   52   52   51   53   53
    80.0-180.0 180.0   5.0 450.0                            LAT/LON1/LON2/DLON/H
   48   50   51   52   53   55   56   58   59   60   61   63   64   64   65   66
   66   67   67   67   66   65   66   75   76   77   78   78   78   78   78   78
   77   78   77   77   77   77   76   76   76   75   74   74   73   72   71   70
   70   68   67   66   65   63   61   60   59   56   53   51   50   49   48   47
   46   45   47   47   46   45   48   47   48
    77.5-180.0 180.0   5.0 450.0                            LAT/LON1/LON2/DLON/H
   43   43   47   48   51   54   55   58   60   61   63   65   66   67   68   69
   70   73   79   81   84   87   91   93   94   94   95   95   91   85   80   79
   79   79   79   78   78   78   77   77   77   76   76   75   74   73   72   71
   71   68   66   64   62   61   59   57   56   52   49   46   44   43   41   41
   40   38   39   39   39   41   41   41   43
    75.0-180.0 180.0   5.0 450.0                            LAT/LON1/LON2/DLON/H
   35   40   41   46   49   51   54   58   60   63   64   66   68   69   74   78
   80   81   84   85   88   91   91   92   93   93   94   95   95   95   96   90
   83   80   80   79   79   79   79   78   78   77   76   75   74   73   72   70
   70   67   65   63   61   58   56   54   52   49   45   41   39   37   36   33
   31   32   31   31   30   33   31   34   35
    72.5-180.0 180.0   5.0 450.0                            LAT/LON1/LON2/DLON/H
   29   33   37   40   47   51   54   58   61   63   66   68   72   77   79   81
   82   84   86   88   90   92   91   92   92   93   94   94   95   95   95   96
   96   89   81   80   80   80   79   79   78   78   77   76   75   74   72   71
   71   66   64   61   59   57   54   51   49   46   41   37   35   32   30   26
   24   24   24   23   23   23   23   25   29
    70.0-180.0 180.0   5.0 450.0                            LAT/LON1/LON2/DLON/H
   21   26   32   37   44   50   54   58   61   64   67   71   76   78   81   82
   83   85   87   88   90   92   92   92   92   93   93   94   94   95   95   96
   96   96   90   81   80   80   80   79   79   78   77   76   75   74   72   70
   70   67   63   61   58   55   53   51   47   43   39   35   32   29   24   21
   19   18   18   16   15   13   14   17   21
    67.5-180.0 180.0   5.0 450.0                            LAT/LON1/LON2/DLON/H
   17   22   28   36   43   49   54   58   62   65   70   76   78   80   82   83
   85   86   88   89   91   93   92   92   92   93   93   94   94   95   95   95
   96   96   96   88   81   81   80   80   79   78   78   77   76   74   73   70
   70   66   64   60   58   54   52   50   46   43   38   34   32   26   23   20
   17   15   13   12   11    9    9   11   17
    65.0-180.0 180.0   5.0 450.0                            LAT/LON1/LON2/DLON/H
   14   22   28   36   42   48   53   59   62   67   72   77   79   80   82   84
   85   86   88   89   91   92   92   92   92   93   93   94   94   94   95   95
   96   96   96   95   84   81   81   80   80   79   78   77   76   74   73   71
   71   66   63   60   57   54   51   49   46   43   39   36   33   28   25   21
   19   16   14   12   10    9    8   10   14
    62.5-180.0 180.0   5.0 450.0                            LAT/LON1/LON2/DLON/H
   16   21   28   36   42   48   54   59   64   69   74   77   79   81   83   84
   85   87   88   89   91   92   92   92   92   93   93   94   94   94   95   95
   96   96   96   97   90   82   81   80   80   79   78   77   76   74   73   70
   70   66   63   61   57   53   50   48   46   44   41   39   36   32   29   26
   24   20   18   14   12   11   10   12   16
    60.0-180.0 180.0   5.0 450.0                            LAT/LON1/LON2/DLON/H
   20   24   31   36   43   49   55   60   65   70   75   77   79   81   83   84
   86   87   88   89   90   92   91   92   92   93   93   93   94   94   95   95
   95   96   96   97   95   85   81   81   80   80   79   77   76   74   72   71
   71   65   64   60   57   53   50   47   46   44   43   42   40   39   35   33
   28   26   23   21   16   14   14   17   20
    57.5-180.0 180.0   5.0 450.0                            LAT/LON1/LON2/DLON/H
   26   27   33   38   45   50   55   60   66   72   75   77   80   81   83   84
   86   87   88   89   90   92   91   92   92   93   93   93   94   94   94   95
   95   96   96   97   96   90   82   81   81   80   79   77   76   74   72   70
   70   65   63   61   58   53   49   46   45   44   43   43   43   42   41   38
   34   31   28   24   22   20   21   23   26
    55.0-180.0 180.0   5.0 450.0                            LAT/LON1/LON2/DLON/H
   32   33   37   42   46   52   57   61   67   72   75   77   79   81   83   84
   85   86   87   88   89   91   91   92   92   93   93   93   93   93   94   94
   95   96   96   97   97   93   83   81   81   80   79   77   76   74   72   69
   69   64   62   61   58   54   50   46   45   44   43   43   43   43   43   39
   36   32   29   26   26   26   27   30   32
    52.5-180.0 180.0   5.0 450.0                            LAT/LON1/LON2/DLON/H
   38   41   43   48   50   54   59   64   69   73   75   78   80   81   83   84
   85   86   87   87   88   90   91   92   92   93   93   93   93   93   93   94
   95   96   96   97   97   96   85   82   81   80   79   78   76   74   71   69
   69   64   62   60   57   55   51   49   47   45   43   43   43   42   40   36
   35   32   29   28   29   30   31   34   38
    50.0-180.0 180.0   5.0 450.0                            LAT/LON1/LON2/DLON/H
   45   48   51   53   55   57   60   64   70   73   76   78   79   81   82   84
   85   86   86   86   87   89   91   92   93   93   93   93   92   92   93   94
   95   96   96   97   97   96   87   82   81   80   79   77   76   73   71   69
   69   64   61   59   57   55   53   51   50   48   46   45   43   42   39   35
   34   32   29   28   29   31   33   37   45
    47.5-180.0 180.0   5.0 450.0                            LAT/LON1/LON2/DLON/H
   47   53   57   60   59   62   64   68   71   74   76   78   79   81   83   84
   85   85   85   83   85   88   91   92   93   93   93   92   92   91   92   94
   95   95   96   97   97   97   90   83   81   80   79   77   76   74   71   68
   68   66   63   60   57   56   54   53   52   52   51   49   47   45   42   39
   35   32   31   29   29   30   33   42   47
    45.0-180.0 180.0   5.0 450.0                            LAT/LON1/LON2/DLON/H
   50   57   62   65   68   68   68   71   74   76   77   79   81   82   83   84
   85   85   83   82   84   88   92   93   94   94   93   92   91   91   92   93
   95   96   96   97   97   97   93   83   81   80   79   78   76   74   71   69
   69   66   63   61   59   58   56   56   55   55   53   52   51   50   47   44
   40   37   35   32   31   31   36   43   50
    42.5-180.0 180.0   5.0 450.0                            LAT/LON1/LON2/DLON/H
   52   58   64   68   72   74   75   78   83   82   81   83   84   85   86   86
   85   84   83   83   86   90   93   94   95   95   93   92   92   91   92   94
   95   96   96   97   97   97   93   83   81   80   79   77   75   73   71   70
   70   66   64   63   61   60   59   59   58   57   55   54   53   53   50   48
   45   42   39   36   33   34   40   47   52
    40.0-180.0 180.0   5.0 450.0                            LAT/LON1/LON2/DLON/H
   55   61   65   69   74   79   81   86   89   87   88   89   90   91   91   90
   89   88   85   87   89   92   95   97   97   96   94   93   93   92   93   95
   95   96   96   97   97   96   95   85   81   80   78   77   75   73   71   69
   69   66   64   63   62   60   60   60   60   58   55   55   53   54   52   50
   47   43   39   37   36   38   44   51   55
    37.5-180.0 180.0   5.0 450.0                            LAT/LON1/LON2/DLON/H
   60   64   66   69   75   82   85   90   94   95   95   96  101  100   99   98
   98   97   93   94   94   96   98  100   99   98   96   96   95   94   95   95
   96   96   97   97   96   96   95   86   81   79   78   76   74   72   70   68
   68   65   64   63   60   58   58   57   58   56   54   53   52   51   51   48
   46   43   41   39   39   41   46   54   60
    35.0-180.0 180.0   5.0 450.0                            LAT/LON1/LON2/DLON/H
   62   67   69   71   77   83   88   94   97   99   99  102  106  108  108  106
  108  107  103  102  100  101  102  103  103  101   99   99   97   96   97   96
   97   97   97   96   96   95   94   86   80   79   77   75   73   70   68   65
   65   64   62   60   58   56   54   53   53   53   52   51   50   49   48   47
   46   43   40   40   41   43   48   55   62
    32.5-180.0 180.0   5.0 450.0                            LAT/LON1/LON2/DLON/H
   63   70   73   73   79   85   92   99  101  102  103  104  108  112  113  111
  113  113  110  108  107  107  107  107  106  104  102  101  100   98   98   98
   98   97   97   96   95   95   93   87   80   78   76   74   71   67   65   61
   61   60   59   57   55   53   51   50   49   49   50   50   49   47   46   45
   44   42   39   40   42   46   52   58   63
    30.0-180.0 180.0   5.0 450.0                            LAT/LON1/LON2/DLON/H
   67   73   78   77   81   86   94  103  106  106  105  106  111  115  114  115
  116  118  116  112  110  110  110  109  107  105  103  102  101  100   99   99
   98   98   97   96   94   93   91   87   79   77   75   71   68   65   60   58
   58   56   56   54   52   51   49   48   47   46   48   49   48   46   44   42
   41   39   38   40   44   49   55   61   67
    27.5-180.0 180.0   5.0 450.0                            LAT/LON1/LON2/DLON/H
   72   79   85   85   86   90   98  106  111  110  108  109  113  116  116  116
  119  122  121  116  112  112  112  110  108  107  104  104  102  101  101  100
   99   98   97   95   93   90   89   85   78   75   73   69   64   62   57   52
   52   52   52   51   50   49   47   47   46   45   46   47   46   44   42   39
   38   37   37   40   46   52   59   65   72
    25.0-180.0 180.0   5.0 450.0                            LAT/LON1/LON2/DLON/H
   74   84   91   92   95   97  104  110  114  114  111  111  114  116  117  118
  120  124  123  118  114  113  113  111  109  108  106  105  104  103  102  101
  101   99   97   94   90   87   86   83   77   74   70   67   63   59   53   48
   48   49   49   49   47   47   46   46   44   43   44   45   43   40   39   37
   36   35   35   39   46   54   61   68   74
    22.5-180.0 180.0   5.0 450.0                            LAT/LON1/LON2/DLON/H
   76   86   95  102  107  111  113  118  119  119  114  115  115  117  118  119
  121  124  122  118  115  113  113  112  110  109  108  107  106  105  104  103
  102  101   97   92   89   85   83   82   78   74   70   65   61   57   52   47
   47   48   48   48   46   46   46   46   44   42   43   42   41   39   37   36
   34   33   34   38   46   54   62   70   76
    20.0-180.0 180.0   5.0 450.0                            LAT/LON1/LON2/DLON/H
   79   89   98  109  116  123  126  132  129  128  123  121  119  119  119  120
  121  123  121  117  115  113  112  112  111  110  109  109  108  107  107  105
  104  102   98   93   87   82   80   82   80   75   70   65   61   57   53   51
   51   50   50   50   48   48   49   48   46   43   43   42   42   41   38   36
   35   33   33   38   47   57   65   73   79
    17.5-180.0 180.0   5.0 450.0                            LAT/LON1/LON2/DLON/H
   84   92  103  115  123  133  140  150  149  147  137  132  125  122  120  120
  121  121  120  117  115  113  112  112  111  111  112  112  113  110  109  108
  107  104   99   93   89   82   81   84   84   78   73   67   63   59   56   54
   54   55   54   53   52   52   53   50   48   47   45   44   44   44   41   39
   37   34   34   39   48   59   69   77   84
    15.0-180.0 180.0   5.0 450.0                            LAT/LON1/LON2/DLON/H
   89   98  109  120  132  139  152  167  173  168  165  146  135  127  123  121
  121  120  119  116  115  113  112  112  113  113  114  115  116  115  113  111
  109  107  100   94   92   85   83   88   90   84   77   71   67   62   59   58
   58   59   58   57   56   56   55   51   50   49   46   45   44   44   42   41
   39   37   37   43   52   63   72   80   89
    12.5-180.0 180.0   5.0 450.0                            LAT/LON1/LON2/DLON/H
   95  105  116  128  139  152  172  182  191  194  185  161  144  135  131  125
  123  121  119  117  115  114  113  113  114  116  117  119  120  118  116  116
  113  111  103   97   93   88   88   95   96   90   81   75   70   67   62   61
   61   63   62   60   59   57   53   49   48   46   43   42   41   41   41   41
   40   40   42   50   59   70   78   86   95
    10.0-180.0 180.0   5.0 450.0                            LAT/LON1/LON2/DLON/H
  103  113  124  136  150  168  190  197  213  219  205  188  165  151  143  133
  128  124  120  118  116  115  115  115  117  119  121  123  124  123  123  121
  120  116  110  102   97   94  100  101  100   94   87   81   74   69   65   65
   65   63   62   60   58   54   47   44   42   40   39   39   38   37   38   37
   37   39   44   53   65   76   83   92  103
     7.5-180.0 180.0   5.0 450.0                            LAT/LON1/LON2/DLON/H
  111  122  132  144  155  175  203  213  231  236  224  208  186  170  157  143
  134  129  124  121  118  118  117  119  120  123  125  127  129  129  130  130
  129  125  122  112  103  104  107  105  102   97   92   86   77   73   71   69
   69   59   59   57   53   47   42   39   36   36   36   37   36   34   33   33
   33   36   42   55   66   80   88   98  111
     5.0-180.0 180.0   5.0 450.0                            LAT/LON1/LON2/DLON/H
  119  131  140  150  159  178  202  217  235  241  229  215  198  185  170  153
  142  134  128  125  122  122  121  123  125  127  130  135  136  137  139  139
  140  137  132  121  113  111  110  105  102   99   96   90   84   80   81   67
   67   57   56   52   47   43   39   38   36   36   36   36   35   33   33   33
   32   34   41   56   71   83   94  106  119
     2.5-180.0 180.0   5.0 450.0                            LAT/LON1/LON2/DLON/H
  121  138  147  155  167  182  196  208  225  231  221  209  198  188  177  162
  149  140  134  130  127  127  127  129  131  134  138  143  144  146  149  148
  147  143  135  124  118  115  108  103  100   98   96   91   90   91   89   71
   71   56   53   50   45   42   39   39   40   41   40   38   37   36   38   37
   35   36   41   55   72   84   96  108  121
